-0.0053075817
-0.02952119
-0.020216513
0.035297528
-0.09479266
-0.07003609
-0.039179925
-0.039086916
-0.010860079
-0.025126155
0.01082704
-0.016977936
0.0109653585
-0.096524246
0.004953741
-0.040375475
0.043381352
0.0385478
0.02036511
0.011031509
-0.12833123
0.058444932
0.026675534
0.06858342
0.033817247
0.06891768
-0.011100295
-0.0154413525
0.110156044
-0.05366544
0.02683546
-0.005401656
0.00014388224
0.016660731
-0.100306466
0.06878563
-0.06009945
0.014208761
0.022886032
0.05018157
0.006641254
-0.0063377474
0.011093746
-0.004240711
0.027991882
-0.026768653
-0.020633414
0.050816312
0.08844783
-0.05799663
0.016673163
0.02791236
-0.067028955
0.023939712
-0.021610213
0.07756239
0.032556575
0.059591826
0.070121855
-0.034415517
-0.012026817
0.0051277485
-0.02712534
-0.029949866
-0.028958412
-0.03772713
-0.010778277
-0.01703147
-0.07992737
0.04167644
-0.039362278
0.05005776
0.011379095
-0.021374488
0.07977055
-0.01424555
0.025009694
-0.05583255
0.0054679336
-0.018279238
0.03478215
0.02404339
-0.05860369
0.024651308
-0.056471728
0.029891916
-0.037367925
-0.056192733
-0.022513062
-0.016758721
0.022872563
-0.025965074
-0.016155915
-0.034618378
-0.02053122
-0.02687434
-0.051419396
0.0004798182
-0.04735749
-0.00029210013
-0.007596258
-0.052131053
0.015662825
-0.02589593
-0.030354355
-0.044227537
0.04920836
-0.012348001
0.04022672
-0.023287764
0.0069025755
-0.008611492
0.026444342
-0.06412245
0.17477477
-0.11889868
0.024101442
0.04724647
-0.021279408
0.01069268
-0.01235786
-0.00925415
-0.02471004
-0.015943833
-0.038695782
-0.012316171
-0.052379716
0.011247421
