0.17707193
0.16186477
0.17973582
0.20157547
-0.10777941
0.1968115
0.23088089
-0.15432209
-0.11730642
0.19977088
-0.16389517
-0.15834214
-0.06841352
0.1738996
-0.117106065
-0.21826267
-0.19351476
-0.1724945
0.08581676
0.14803259
-0.12918162
0.13605411
-0.15549992
0.16695908
0.2350603
0.17180601
0.19350867
0.16605219
0.15027843
-0.113221996
0.09632901
-0.14552273
-0.17311552
-0.15535377
-0.14267726
-0.14319614
0.19257952
0.1838145
0.06327498
-0.19366416
-0.2091975
-0.3170718
-0.17376179
-0.18383011
-0.1561446
0.43154117
-0.13131717
-0.19026172
0.1579819
-0.13746217
-0.16699919
0.19969915
0.11172796
-0.32143867
-0.08063292
0.14802308
-0.19279638
-0.19185509
0.11499239
-0.013197373
0.19141462
-0.17652786
-0.16915902
-0.14139107
0.16558297
0.1777357
-0.17969245
-0.18434203
0.1546497
-0.16263442
0.09783131
-0.15846771
0.24580146
-0.19258347
-0.17158182
0.34590977
0.18862724
0.111881115
0.15491705
-0.092255905
-0.2185053
-0.16002232
0.14532533
0.10665192
0.18873893
0.1706271
-0.14327565
-0.14693508
0.19295871
-0.14597243
0.20143762
0.15338549
0.12607695
-0.15011416
0.15339161
-0.13665496
-0.20111755
0.15431866
0.1892736
-0.1351452
-0.2130351
0.04419765
0.12845558
-0.16996045
0.17081912
-0.1605357
0.15717039
-0.1401541
0.17889391
0.009138285
-0.1535648
-0.19835517
-0.20393763
-0.21313356
-0.1553514
0.14053002
-0.18385291
-0.21099792
-0.23183718
-0.21989875
0.20565978
-0.17358041
-0.20985948
0.17742652
0.1607533
0.16627814
-0.17996761
-0.16905917
