0.88282377
0.85976154
0.8783732
0.84291303
0.6893612
0.8920567
0.8928537
0.74396795
0.7560728
0.8427784
0.92788655
0.8672363
0.36285618
0.88595575
0.8601194
0.72055244
0.8655297
0.84003097
0.81022465
0.77033496
0.57755035
0.6904779
0.8581029
0.852808
1.0221004
0.6523856
0.78748304
0.8279919
0.7299963
0.52557063
0.3344292
0.8468852
0.71761113
0.8299672
0.7511008
0.8604412
0.89647794
0.70179933
0.77873784
0.8401561
0.871033
0.96576613
0.90659505
0.6702835
0.89072484
1.1038071
0.8343186
0.88383186
0.8849013
0.7621698
0.9169136
0.83086336
0.70382494
0.8241092
0.7929244
0.60875374
0.7281911
0.87498885
0.86707544
0.73826796
0.9235144
0.9096658
0.78939885
0.7364471
0.9146547
0.8989536
0.9239146
0.78533435
0.8842264
0.84978265
0.5780354
0.8865589
0.8581417
0.59637725
0.8652661
0.89817464
0.86459136
0.73213553
0.84979844
0.83901596
0.8736955
0.79770106
0.8526235
0.7995408
0.8636865
0.81828266
0.8684112
0.84937346
0.8543264
0.80568624
0.82546896
0.8896253
0.85301787
0.84155446
0.79502827
0.6503221
0.88722086
0.64007187
0.7988501
0.8601903
0.8749987
0.7912723
0.8646067
0.36396256
0.8776479
0.76461834
0.8693159
0.8208827
0.7888904
0.6833278
0.8615635
0.9580031
0.7884822
0.89439213
0.5674005
0.88606393
0.9154942
0.80404234
0.6705722
0.7997714
0.7824915
0.86044466
0.7746345
0.79388213
0.9117135
0.91341406
0.8780929
0.8619481
