-0.2329809
-0.26522797
-0.25036293
-0.25214213
-0.21607415
-0.23495665
-0.24702474
-0.061623808
-0.33619535
-0.12457665
-0.2015536
-0.17507957
-0.22034566
-0.19308881
-0.2685138
-0.2508528
-0.26529497
-0.227213
-0.28009805
-0.31602448
-0.29052392
-0.21713074
-0.27206844
-0.10768193
0.019090286
-0.31326926
-0.28847843
-0.29278305
-0.19437158
-0.3264696
-0.47097573
-0.28709215
-0.2998412
-0.2576145
-0.2967544
-0.2548171
-0.21301448
-0.23273216
-0.27915564
-0.25036097
-0.25565886
-0.05870311
-0.2224161
-0.24619639
-0.23315544
0.25132218
-0.22684316
-0.15297084
-0.19878289
-0.3193863
-0.21392748
-0.27759477
0.16720843
-0.118202664
-0.27070606
-0.21430725
-0.19377322
-0.26672998
-0.18241152
-0.20874369
-0.13200487
-0.2164957
-0.20864528
-0.25107586
-0.23466952
-0.24374828
-0.23669821
-0.19827813
-0.19842638
-0.23679881
-0.15266925
-0.15541975
-0.12896879
0.2511854
-0.22883187
-0.10254556
-0.23916617
-0.15045719
-0.22661018
-0.28129432
-0.20045447
-0.24288408
-0.262504
-0.25910878
-0.2726801
-0.10056885
-0.25511414
-0.23037109
-0.12031295
-0.27871856
-0.29591566
-0.21455881
-0.18119459
-0.25729197
-0.27325526
-0.33672148
-0.24518076
-0.2614314
-0.29976055
-0.2776252
-0.15315197
-0.18895121
-0.22359622
-0.3241443
-0.2215616
-0.13547951
-0.2390849
-0.22094367
-0.17265232
0.18794954
-0.21241343
-0.47565922
-0.17380859
-0.24303913
-0.27511653
-0.23921111
-0.20313442
-0.1344469
-0.122533835
-0.15865166
-0.2644957
-0.25605246
-0.27046314
-0.25637117
-0.11358432
-0.12927622
-0.2359397
-0.24710229
