-0.10315386
-0.10396743
-0.12063287
-0.11303381
0.09824225
-0.11397132
-0.10278819
0.09761333
0.1026507
-0.059912164
0.12265966
0.13530289
0.115383334
-0.10727385
0.1127659
0.08228776
0.109537184
0.10074081
-0.102279134
-0.09438465
0.10711786
-0.10535064
0.12478563
-0.10203849
-0.027430315
-0.10286538
-0.101745486
-0.103080586
-0.11032284
0.10416949
-0.09865554
0.11315408
0.09833293
0.119255506
0.09268127
0.12943308
-0.112659015
-0.09113128
-0.09705909
0.09827195
0.11318516
0.02691149
0.12746353
0.094537355
0.10697899
-0.003627907
0.10479214
0.11477087
-0.13156305
0.09157396
0.11684249
-0.10793007
-0.09945043
0.050644062
0.107140556
-0.10440183
0.09906082
0.11851505
-0.09781719
0.09924925
-0.09236499
0.119650275
0.10699047
0.10992715
-0.13581197
-0.12698816
0.12867261
0.094044976
-0.12389059
0.13491039
-0.097450376
0.122582965
-0.061300766
0.06977092
0.113057405
-0.04611697
-0.11483228
0.08610729
-0.10696179
0.09742877
0.05707567
0.11200654
-0.109505914
-0.09855354
-0.10638905
-0.077693045
0.11592565
0.11998384
-0.08025922
0.08059104
-0.104697295
-0.1167076
-0.11811147
0.12912676
-0.11186326
0.102537446
0.112680845
-0.100711755
-0.09109985
0.11485697
0.073244005
-0.093792506
-0.12636518
0.096759774
-0.11901191
0.09759582
-0.12879927
0.122632995
-0.11008339
-0.10091277
0.10572399
-0.05816757
0.109530784
0.113039486
0.093908735
-0.122480184
0.119285956
0.07869745
0.07240938
0.08097408
-0.10293298
0.10813093
0.10469595
-0.102481335
-0.11083821
-0.04821987
0.11714054
0.12532905
