0.9951171875
0.9892578125
0.9912109375
0.9912109375
0.9921875
0.9912109375
0.9912109375
0.9912109375
0.9912109375
0.9912109375
0.9912109375
0.9912109375
0.9921875
0.9912109375
0.9921875
0.9912109375
0.9912109375
0.9912109375
0.9912109375
0.9921875
0.9912109375
0.9921875
0.9912109375
0.9912109375
0.9912109375
0.9912109375
0.9921875
0.9912109375
0.9921875
0.9912109375
0.9912109375
0.9912109375
0.9912109375
0.9921875
0.9912109375
0.9921875
0.9912109375
0.9912109375
0.9912109375
0.9912109375
0.9921875
0.9912109375
0.9921875
0.9912109375
0.9912109375
0.9912109375
0.9912109375
0.9921875
0.9912109375
0.9921875
