0.5731923
0.7014647
0.72757447
0.81822705
0.87341195
0.853127
0.7831568
0.81153935
0.8194454
0.864173
0.5547692
0.77252597
0.7996984
0.9344722
0.8072474
0.63137895
0.7482303
0.8701536
0.569708
0.6456003
0.91653746
0.8369091
0.79956114
0.9047398
0.8592221
0.8913371
0.76103806
0.6733835
0.8312688
1.0395528
0.6429691
0.7127312
0.7889808
0.36618924
0.84090054
0.73631257
0.86989295
0.768958
0.74791646
0.7784489
0.7583891
0.8293733
0.736157
0.84321463
0.8959477
0.7567566
0.74772185
0.7611223
0.9204418
0.90105325
0.7361994
0.87527895
0.9714304
0.6743186
0.9341772
0.7146724
0.78135973
0.7864383
0.70801806
0.92573357
0.8083721
0.8433515
0.85844374
0.71748835
0.8529276
0.82885146
0.8065227
0.7715772
0.79576004
0.6956148
0.7447931
0.88365334
0.5989745
0.78579307
0.6894743
0.7944787
0.7984966
0.9159496
0.6981243
0.7810738
0.7441291
0.89449877
0.76139617
0.85253984
0.82523173
0.8141655
0.8225685
0.7462145
0.84712946
0.68685436
0.7718524
0.7832446
0.86760896
0.78817487
0.7261175
0.69775426
0.8024334
0.7465554
0.53064466
0.67523557
0.8639683
0.60844254
0.57528335
0.56525314
0.70283055
0.6630292
0.8897229
0.79742
0.6620607
0.66817397
0.6664578
0.67285097
0.8650454
0.8941116
1.0458287
0.8349537
0.76647353
0.75523496
0.799469
0.6984986
0.7338067
0.6629773
0.74190974
0.6523514
0.7731377
0.73788375
0.9979038
0.5769393
