-0.20879477
-0.15750867
-0.19090387
-0.12329531
-0.15204638
-0.4232502
-0.27700138
-0.13482253
-0.47547752
-0.515354
-0.2667182
-0.38203356
-0.1366295
-0.09827317
-0.4557631
-0.23726921
-0.38351732
-0.5335707
-0.4943834
-0.4121236
-0.25830138
-0.53651446
-0.2593715
-0.25108227
-0.35724762
-0.29132327
-0.50864655
-0.36729735
-0.3114466
-0.19669266
-0.17400227
-0.4273493
-0.33786783
-0.36287838
-0.36620584
-0.44037655
-0.03944797
-0.3508531
-0.45334062
-0.29627147
-0.09150487
-0.40752965
-0.35739657
-0.15473604
-0.20634373
-0.2254071
-0.3924938
-0.17951035
-0.19029357
-0.3375661
-0.10469485
-0.34748042
-0.42511082
-0.45164457
-0.25955686
-0.18832122
-0.55459946
-0.16106564
-0.4653785
-0.3378016
-0.44041494
-0.12669499
-0.118435055
-0.45817956
-0.3149361
-0.20527709
-0.291421
-0.2792952
-0.10537063
-0.5529221
-0.3620158
-0.41132423
-0.3312897
-0.23401268
0.054852773
-0.4451833
-0.42770776
0.0012654836
-0.46325323
-0.38172507
-0.17602229
-0.41724572
-0.43125284
-0.39950386
-0.34972855
0.054026313
-0.29423487
-0.5726476
-0.4303191
-0.14774461
-0.34138867
-0.25595027
-0.22712533
-0.38893402
-0.028096668
-0.45549354
-0.4229281
-0.13692
0.033428762
-0.4056291
-0.24728629
-0.20140173
-0.4274551
-0.17392588
-0.1389629
-0.4726704
-0.40991575
-0.56313884
-0.009575121
-0.34231082
-0.5966145
-0.5011052
-0.3041812
-0.3552015
-0.03694169
-0.13404194
-0.2677506
-0.113323875
-0.35502797
-0.27450868
-0.4016617
-0.3857066
-0.38634044
-0.45937127
-0.15875384
-0.4651076
-0.30731517
-0.35545602
