-0.27118373
-0.26295963
-0.15385701
-0.065158375
-0.23351783
-0.37189883
-0.28164065
-0.06201476
-0.3327399
-0.3618458
-0.31560472
-0.35333565
-0.2619165
-0.034741703
-0.49889582
-0.38170186
-0.38216302
-0.37112486
-0.5001677
-0.3488967
-0.29802695
-0.57305
-0.38328063
-0.3937627
-0.25687635
-0.33972514
-0.44534126
-0.3759489
-0.30907086
-0.098910466
-0.22155455
-0.41166753
-0.25796542
-0.26941824
-0.35500956
-0.43335146
-0.12747112
-0.4906327
-0.4282944
-0.32778487
-0.17836474
-0.37827203
-0.3716171
-0.19592936
-0.21352462
-0.1279695
-0.3389776
-0.005173159
-0.24991412
-0.37163323
-0.07976288
-0.39641163
-0.39869335
-0.47568753
-0.2480522
-0.17396246
-0.5653602
0.03373812
-0.3564328
-0.33527198
-0.44345385
-0.124337204
-0.21816738
-0.53629524
-0.3195999
-0.25382048
-0.3556167
-0.2806195
-0.13629077
-0.46484584
-0.34333915
-0.21576574
-0.3881656
-0.22559263
-0.019408517
-0.39363617
-0.4274401
-0.060943972
-0.46329015
-0.38769016
-0.21106233
-0.37770727
-0.29825756
-0.36617857
-0.26486093
0.031156283
-0.37124008
-0.51096267
-0.4568061
-0.15727673
-0.40165782
-0.25708893
-0.24839267
-0.3178908
-0.18340212
-0.3435566
-0.3532654
-0.18871243
-0.13640267
-0.25843993
-0.33966246
-0.21745653
-0.50813484
-0.18864226
-0.20800681
-0.34697616
-0.3737222
-0.48192024
-0.009560103
-0.3886316
-0.36487547
-0.45457822
-0.30584663
-0.40625918
-0.17880191
-0.14813128
-0.2873534
-0.18329129
-0.3077841
-0.2988901
-0.46456942
-0.3714948
-0.41341212
-0.48833045
-0.21497875
-0.48915243
-0.2948837
-0.39453626
