-0.25972334
-0.30018488
-0.2665157
-0.27087954
-0.24991708
-0.25288373
-0.27218956
-0.07880718
-0.36942187
-0.25887907
-0.23364006
-0.19204426
-0.25996494
-0.21641937
-0.28019646
-0.41316286
-0.28467354
-0.27020097
-0.28853098
-0.33407912
-0.31280214
-0.26190057
-0.28149834
-0.14327319
-0.07526016
-0.33669922
-0.31139025
-0.30588228
-0.19885805
-0.37907934
-0.4940873
-0.30449963
-0.328397
-0.27402213
-0.33770487
-0.26762173
-0.250245
-0.37419423
-0.26558685
-0.28289658
-0.2903358
-0.08571066
-0.24401145
-0.24549632
-0.24870756
0.36268342
-0.23846407
-0.1851441
-0.20624982
-0.3783592
-0.22944681
-0.305797
0.10555415
-0.2488455
-0.28698254
-0.23010637
-0.30686876
-0.28387654
-0.19275548
-0.21815339
-0.14430138
-0.24633564
-0.23546487
-0.27316543
-0.2419288
-0.2669561
-0.24492651
-0.22296096
-0.21398538
-0.25721732
-0.20724323
-0.16660672
-0.2607163
0.07017444
-0.248034
-0.2968818
-0.2713218
-0.14544773
-0.2269455
-0.27105054
-0.23958439
-0.2702059
-0.2717341
-0.26535225
-0.29032704
-0.2375313
-0.25473678
-0.23665193
-0.2592669
-0.22736771
-0.33329806
-0.22673903
-0.19844836
-0.26269326
-0.29547548
-0.34664753
-0.27281412
-0.30510432
-0.28133264
-0.29886463
-0.20862295
-0.20241609
-0.23716788
-0.35302526
-0.23932768
-0.1729597
-0.24561578
-0.23946379
-0.19597629
0.13957417
-0.23495264
-0.20943528
-0.1998449
-0.27882808
-0.30825087
-0.2490732
-0.22778025
-0.27877676
-0.3114148
-0.3201043
-0.28861797
-0.26423573
-0.28773353
-0.27860048
-0.1673282
-0.1978373
-0.26337153
-0.262853
